0xe4	CALLPRIVATE
0xe9	CALLPRIVATE
0xf6	CALLPRIVATE
0x111	CALLPRIVATE
0x17a	CALLPRIVATE
0x533	CALLPRIVATE
0x57c	CALLPRIVATE
0x5ec	CALLPRIVATE
0x6f6	CALLPRIVATE
0x829	CALLPRIVATE
0x879	CALLPRIVATE
0x883	CALLPRIVATE
0x8a9	CALLPRIVATE
0x9f4	CALLPRIVATE
0xa22	CALLPRIVATE
0xa76	CALLPRIVATE
0xa9d	CALLPRIVATE
0xb22	CALLPRIVATE
0xb47	CALLPRIVATE
0xb6c	CALLPRIVATE
0xb81	CALLPRIVATE
0xba4	CALLPRIVATE
0xc77	CALLPRIVATE
0xd75	CALLPRIVATE
0xd8c	CALLPRIVATE
0xdaf	CALLPRIVATE
0xe40	CALLPRIVATE
0xea6	CALLPRIVATE
0xeca	CALLPRIVATE
0xf3b	CALLPRIVATE
0xf72	CALLPRIVATE
0xfa8	CALLPRIVATE
0xfe6	CALLPRIVATE
0x15a1	CALLPRIVATE
0x15c5	CALLPRIVATE
0x15e9	CALLPRIVATE
0x160d	CALLPRIVATE
0x1641	CALLPRIVATE
0x1645	CALLPRIVATE
0x1648	CALLPRIVATE
0x164b	CALLPRIVATE
0x164e	CALLPRIVATE
0x1651	CALLPRIVATE
0x1654	CALLPRIVATE
0x990x65	CALLPRIVATE
0x990xa3	CALLPRIVATE
0x990x127	CALLPRIVATE
0x8c	JUMP
0xd6	JUMP
0x116	JUMP
0x126	JUMP
0x15a	JUMP
0x175	JUMP
0x1e9	JUMP
0x226	JUMP
0x271	JUMP
0x2e9	JUMP
0x334	JUMP
0x34c	JUMP
0x366	JUMP
0x37b	JUMP
0x393	JUMP
0x3d8	JUMP
0x3e9	JUMP
0x436	JUMP
0x487	JUMP
0x4cb	JUMP
0x5cc	JUMP
0x643	JUMP
0x679	JUMP
0x6b3	JUMP
0x718	JUMP
0x73b	JUMP
0x750	JUMP
0x78d	JUMP
0x7d9	JUMP
0x7e6	JUMP
0x7ee	JUMP
0x86a	JUMP
0x8c7	JUMP
0x95f	JUMP
0xa49	JUMP
0xbf9	JUMP
0xc1a	JUMP
0xcb1	JUMP
0xcc1	JUMP
0xd07	JUMP
0xd61	JUMP
0xdc2	JUMP
0xdf7	JUMP
0xe15	JUMP
0xeda	JUMP
0xf81	JUMP
0xff0	JUMP
0x1004	JUMP
0x100b	JUMP
0x1024	JUMP
0x1036	JUMP
0x150b	JUMP
0xc	JUMPI
0x5e	JUMPI
0x6c	JUMPI
0xaa	JUMPI
0xfe	JUMPI
0x12e	JUMPI
0x162	JUMPI
0x18d	JUMPI
0x205	JUMPI
0x236	JUMPI
0x2ae	JUMPI
0x2fa	JUMPI
0x345	JUMPI
0x35f	JUMPI
0x38c	JUMPI
0x42f	JUMPI
0x480	JUMPI
0x4c4	JUMPI
0x549	JUMPI
0x558	JUMPI
0x587	JUMPI
0x5fc	JUMPI
0x672	JUMPI
0x6c9	JUMPI
0x704	JUMPI
0x711	JUMPI
0x734	JUMPI
0x76c	JUMPI
0x79d	JUMPI
0x83d	JUMPI
0x8dd	JUMPI
0x8ec	JUMPI
0x91d	JUMPI
0x94b	JUMPI
0x984	JUMPI
0x999	JUMPI
0x9b0	JUMPI
0x9c8	JUMPI
0x9e5	JUMPI
0xa12	JUMPI
0xa3a	JUMPI
0xa52	JUMPI
0xaab	JUMPI
0xac2	JUMPI
0xadd	JUMPI
0xafb	JUMPI
0xb12	JUMPI
0xb37	JUMPI
0xb5c	JUMPI
0xb93	JUMPI
0xbf2	JUMPI
0xc13	JUMPI
0xc37	JUMPI
0xc54	JUMPI
0xc65	JUMPI
0xc8d	JUMPI
0xcf4	JUMPI
0xd4c	JUMPI
0xdf0	JUMPI
0xe0e	JUMPI
0xe2c	JUMPI
0xe5b	JUMPI
0xe6c	JUMPI
0xe7d	JUMPI
0xe8f	JUMPI
0xeb6	JUMPI
0xef6	JUMPI
0xf15	JUMPI
0xf29	JUMPI
0xf56	JUMPI
0xf68	JUMPI
0xf96	JUMPI
0xfc0	JUMPI
0xfd0	JUMPI
0xffd	JUMPI
0x1019	JUMPI
0x102f	JUMPI
0x1635	JUMPI
0x1637	JUMPI
0x1639	JUMPI
0x163b	JUMPI
0x163d	JUMPI
0x163f	JUMPI
0x27b	RETURNPRIVATE
0x56f	RETURNPRIVATE
0x973	RETURNPRIVATE
0x98b	RETURNPRIVATE
0xa2e	RETURNPRIVATE
0xa5e	RETURNPRIVATE
0xa8a	RETURNPRIVATE
0xbbb	RETURNPRIVATE
0xc01	RETURNPRIVATE
0xc28	RETURNPRIVATE
0xd12	RETURNPRIVATE
0xdce	RETURNPRIVATE
0xdfc	RETURNPRIVATE
0xe1f	RETURNPRIVATE
0xee5	RETURNPRIVATE
0xfb2	RETURNPRIVATE
0x103b	RETURNPRIVATE
0x1531	RETURNPRIVATE
0x1557	RETURNPRIVATE
0x157d	RETURNPRIVATE
0x1633	RETURNPRIVATE
0x5f	STOP
0x17c	STOP
0x14bd	RETURN
0x14e5	RETURN
0x14950x65	RETURN
0x14950xa3	RETURN
0x14950x127	RETURN
0x58	REVERT
0x64	REVERT
0x70	REVERT
0xae	REVERT
0x102	REVERT
0x132	REVERT
0x166	REVERT
0x1cb	REVERT
0x54d	REVERT
0x561	REVERT
0x6d2	REVERT
0x846	REVERT
0x8e1	REVERT
0x8f5	REVERT
0x926	REVERT
0x954	REVERT
0x988	REVERT
0x99d	REVERT
0x9b4	REVERT
0x9cc	REVERT
0x9e9	REVERT
0xa16	REVERT
0xaaf	REVERT
0xac6	REVERT
0xae1	REVERT
0xaff	REVERT
0xb16	REVERT
0xb3b	REVERT
0xb60	REVERT
0xb97	REVERT
0xc3b	REVERT
0xc58	REVERT
0xc69	REVERT
0xc91	REVERT
0xe30	REVERT
0xe5f	REVERT
0xe82	REVERT
0xe94	REVERT
0xebb	REVERT
0xefa	REVERT
0xf19	REVERT
0xf2d	REVERT
0xf5a	REVERT
0xf9a	REVERT
0xfc4	REVERT
0xfd4	REVERT
0x101d	REVERT
0x108a	REVERT
0x10b2	REVERT
0x10da	REVERT
0x110f	REVERT
0x1144	REVERT
0x1179	REVERT
0x11ae	REVERT
0x11e3	REVERT
0x1218	REVERT
0x1240	REVERT
0x1268	REVERT
0x129d	REVERT
0x12d2	REVERT
0x1307	REVERT
0x132f	REVERT
0x1364	REVERT
0x1399	REVERT
0x13ce	REVERT
0x1403	REVERT
0x1438	REVERT
0x146d	REVERT
0x122	ADD
0x19f	ADD
0x1a6	ADD
0x1be	ADD
0x1c2	ADD
0x211	ADD
0x214	ADD
0x221	ADD
0x248	ADD
0x24f	ADD
0x269	ADD
0x26d	ADD
0x2c0	ADD
0x2c7	ADD
0x2e1	ADD
0x2e5	ADD
0x30c	ADD
0x313	ADD
0x32c	ADD
0x330	ADD
0x353	ADD
0x36d	ADD
0x39a	ADD
0x3a2	ADD
0x3ab	ADD
0x3b1	ADD
0x3bf	ADD
0x3c9	ADD
0x3f6	ADD
0x404	ADD
0x40a	ADD
0x44c	ADD
0x44f	ADD
0x45c	ADD
0x466	ADD
0x46f	ADD
0x491	ADD
0x492	ADD
0x49f	ADD
0x4a9	ADD
0x4b2	ADD
0x4d5	ADD
0x4d6	ADD
0x52f	ADD
0x599	ADD
0x5a0	ADD
0x5c4	ADD
0x5c8	ADD
0x5de	ADD
0x5e2	ADD
0x60e	ADD
0x615	ADD
0x63b	ADD
0x63f	ADD
0x680	ADD
0x681	ADD
0x695	ADD
0x6ad	ADD
0x6b1	ADD
0x6e2	ADD
0x6e5	ADD
0x6ec	ADD
0x71f	ADD
0x720	ADD
0x742	ADD
0x743	ADD
0x778	ADD
0x77b	ADD
0x788	ADD
0x7af	ADD
0x7b6	ADD
0x7d1	ADD
0x7d5	ADD
0x825	ADD
0x856	ADD
0x859	ADD
0x860	ADD
0x8bc	ADD
0x8c5	ADD
0x971	ADD
0x994	ADD
0x9b9	ADD
0x9c1	ADD
0x9c2	ADD
0x9fb	ADD
0xa02	ADD
0xa1e	ADD
0xa3d	ADD
0xa41	ADD
0xa45	ADD
0xa57	ADD
0xa6e	ADD
0xa72	ADD
0xa7a	ADD
0xa82	ADD
0xa85	ADD
0xa98	ADD
0xaa6	ADD
0xacb	ADD
0xad6	ADD
0xad7	ADD
0xb1e	ADD
0xb2c	ADD
0xb43	ADD
0xb51	ADD
0xb68	ADD
0xb76	ADD
0xb89	ADD
0xba0	ADD
0xbd9	ADD
0xbdf	ADD
0xc1f	ADD
0xc26	ADD
0xc44	ADD
0xc5b	ADD
0xc5f	ADD
0xc86	ADD
0xc87	ADD
0xc97	ADD
0xc9b	ADD
0xca3	ADD
0xca4	ADD
0xcba	ADD
0xce4	ADD
0xce9	ADD
0xcfb	ADD
0xcff	ADD
0xd03	ADD
0xd27	ADD
0xd2f	ADD
0xd38	ADD
0xd41	ADD
0xd55	ADD
0xd59	ADD
0xd5d	ADD
0xd6b	ADD
0xd82	ADD
0xd9b	ADD
0xda5	ADD
0xdba	ADD
0xdfa	ADD
0xe1d	ADD
0xe27	ADD
0xe4c	ADD
0xe4e	ADD
0xe52	ADD
0xe63	ADD
0xe85	ADD
0xe89	ADD
0xe98	ADD
0xeaf	ADD
0xeb0	ADD
0xec3	ADD
0xec6	ADD
0xed3	ADD
0xed6	ADD
0xf04	ADD
0xf1d	ADD
0xf24	ADD
0xf47	ADD
0xf49	ADD
0xf4d	ADD
0xf5e	ADD
0xf78	ADD
0xf7c	ADD
0xf86	ADD
0xfa4	ADD
0xfe2	ADD
0xfeb	ADD
0x1009	ADD
0x352	MUL
0x36c	MUL
0x399	MUL
0x3a8	MUL
0x448	MUL
0x46a	MUL
0x48d	MUL
0x4ad	MUL
0x4d1	MUL
0x67d	MUL
0x71c	MUL
0x73f	MUL
0x904	MUL
0x933	MUL
0x187	SUB
0x1c9	SUB
0x1d8	SUB
0x1f2	SUB
0x287	SUB
0x2f2	SUB
0x43f	SUB
0x4f1	SUB
0x53c	SUB
0x661	SUB
0x6a3	SUB
0x6bc	SUB
0x729	SUB
0x759	SUB
0x832	SUB
0x8d0	SUB
0x968	SUB
0x97c	SUB
0x9a9	SUB
0x9df	SUB
0xa0b	SUB
0xabb	SUB
0xaf5	SUB
0xb0a	SUB
0xbe7	SUB
0xc0c	SUB
0xc31	SUB
0xc4d	SUB
0xd1b	SUB
0xd67	SUB
0xd7e	SUB
0xd95	SUB
0xda1	SUB
0xe07	SUB
0xe76	SUB
0xef0	SUB
0xf0d	SUB
0xfba	SUB
0x1013	SUB
0x1039	SUB
0x1088	SUB
0x10b0	SUB
0x10d8	SUB
0x123e	SUB
0x1266	SUB
0x132d	SUB
0x14bb	SUB
0x14e3	SUB
0x14930x65	SUB
0x14930xa3	SUB
0x14930x127	SUB
0x3a7	DIV
0x8	LT
0x341	LT
0x35b	LT
0x388	LT
0x42b	LT
0x47c	LT
0x4c0	LT
0x582	LT
0x66e	LT
0x6ff	LT
0x70d	LT
0x730	LT
0xa35	LT
0xbec	LT
0xcef	LT
0xd47	LT
0xe67	LT
0xf63	LT
0x102a	LT
0x9ab	GT
0x9c3	GT
0xa0d	GT
0xa4d	GT
0xabd	GT
0xad8	GT
0xb0d	GT
0xb32	GT
0xb57	GT
0xb8e	GT
0xbe9	GT
0xc0e	GT
0xc4f	GT
0xc88	GT
0xdeb	GT
0xe09	GT
0xe56	GT
0xe78	GT
0xeb1	GT
0xf10	GT
0xf51	GT
0xf91	GT
0x995	SLT
0x9e0	SLT
0xaa7	SLT
0xaf6	SLT
0xc32	SLT
0xe28	SLT
0xef1	SLT
0xf25	SLT
0xfbb	SLT
0x1014	SLT
0xc61	SGT
0xe8b	SGT
0x19	EQ
0x24	EQ
0x2f	EQ
0x3a	EQ
0x45	EQ
0x50	EQ
0x201	EQ
0x2aa	EQ
0x2f6	EQ
0x5f8	EQ
0x768	EQ
0x980	EQ
0xfcc	EQ
0xff8	EQ
0x68	ISZERO
0xa6	ISZERO
0xfa	ISZERO
0x11c	ISZERO
0x11d	ISZERO
0x12a	ISZERO
0x15e	ISZERO
0x543	ISZERO
0x545	ISZERO
0x552	ISZERO
0x554	ISZERO
0x583	ISZERO
0x6c3	ISZERO
0x6c5	ISZERO
0x700	ISZERO
0x837	ISZERO
0x839	ISZERO
0x8d7	ISZERO
0x8d9	ISZERO
0x8e6	ISZERO
0x8e8	ISZERO
0x900	ISZERO
0x917	ISZERO
0x919	ISZERO
0x92f	ISZERO
0x945	ISZERO
0x947	ISZERO
0x9ac	ISZERO
0x9c4	ISZERO
0x9e1	ISZERO
0xa0e	ISZERO
0xa36	ISZERO
0xa4e	ISZERO
0xabe	ISZERO
0xad9	ISZERO
0xaf7	ISZERO
0xb0e	ISZERO
0xb33	ISZERO
0xb58	ISZERO
0xb8f	ISZERO
0xbee	ISZERO
0xc0f	ISZERO
0xc33	ISZERO
0xc50	ISZERO
0xc89	ISZERO
0xcf0	ISZERO
0xd48	ISZERO
0xdec	ISZERO
0xe0a	ISZERO
0xe57	ISZERO
0xe68	ISZERO
0xe79	ISZERO
0xeb2	ISZERO
0xef2	ISZERO
0xf11	ISZERO
0xf52	ISZERO
0xf64	ISZERO
0xf92	ISZERO
0xfbc	ISZERO
0xfc9	ISZERO
0xfca	ISZERO
0xff9	ISZERO
0x1015	ISZERO
0x102b	ISZERO
0x189	AND
0x1d9	AND
0x212	AND
0x2a9	AND
0x2f4	AND
0x37a	AND
0x443	AND
0x513	AND
0x662	AND
0x68d	AND
0x6a7	AND
0x6e3	AND
0x72a	AND
0x779	AND
0x857	AND
0x8b4	AND
0x96c	AND
0x97e	AND
0xa7e	AND
0xbdd	AND
0xc23	AND
0xd1e	AND
0xd50	AND
0xd97	AND
0xdbf	AND
0xbed	OR
0x20d	NOT
0x6de	NOT
0x774	NOT
0x852	NOT
0xa7d	NOT
0xbdc	NOT
0xc22	NOT
0xde9	NOT
0xff6	NOT
0x186	SHL
0x197	SHL
0x1ba	SHL
0x1d7	SHL
0x240	SHL
0x265	SHL
0x286	SHL
0x2b8	SHL
0x2dd	SHL
0x2f1	SHL
0x304	SHL
0x328	SHL
0x43e	SHL
0x4e2	SHL
0x4f0	SHL
0x591	SHL
0x5c0	SHL
0x606	SHL
0x660	SHL
0x690	SHL
0x6a2	SHL
0x728	SHL
0x7a7	SHL
0x7cd	SHL
0x7fb	SHL
0x8b7	SHL
0x967	SHL
0x97b	SHL
0x9a8	SHL
0xa0a	SHL
0xaba	SHL
0xad4	SHL
0xb09	SHL
0xbe6	SHL
0xc0b	SHL
0xc4c	SHL
0xd1a	SHL
0xd94	SHL
0xe06	SHL
0xe1a	SHL
0xe4a	SHL
0xe75	SHL
0xf0c	SHL
0xf45	SHL
0x1102	SHL
0x1137	SHL
0x116c	SHL
0x11a1	SHL
0x11d6	SHL
0x120b	SHL
0x1290	SHL
0x12c5	SHL
0x12fa	SHL
0x1357	SHL
0x138c	SHL
0x13c1	SHL
0x13f6	SHL
0x142b	SHL
0x1460	SHL
0x12	SHR
0x2f5	ADDRESS
0x3fa	ADDRESS
0x4e5	ADDRESS
0x821	ADDRESS
0x92c	ORIGIN
0x27f	CALLER
0x66	CALLVALUE
0xa4	CALLVALUE
0xf8	CALLVALUE
0x128	CALLVALUE
0x15c	CALLVALUE
0xf	CALLDATALOAD
0x354	CALLDATALOAD
0x36e	CALLDATALOAD
0x39b	CALLDATALOAD
0x9a1	CALLDATALOAD
0x9ec	CALLDATALOAD
0x9fc	CALLDATALOAD
0xa03	CALLDATALOAD
0xab3	CALLDATALOAD
0xb02	CALLDATALOAD
0xb2d	CALLDATALOAD
0xb52	CALLDATALOAD
0xb77	CALLDATALOAD
0xb8a	CALLDATALOAD
0xc3e	CALLDATALOAD
0xc45	CALLDATALOAD
0xc6c	CALLDATALOAD
0x7	CALLDATASIZE
0x5a	CALLDATASIZE
0xde	CALLDATASIZE
0x10b	CALLDATASIZE
0x16f	CALLDATASIZE
0x407	CALLDATASIZE
0x46c	CALLDATASIZE
0x4af	CALLDATASIZE
0x3c5	CALLDATACOPY
0x409	CALLDATACOPY
0x46e	CALLDATACOPY
0x4b1	CALLDATACOPY
0xc9c	CALLDATACOPY
0xcb6	CALLDATACOPY
0x542	EXTCODESIZE
0x8d6	EXTCODESIZE
0x8fc	COINBASE
0xed	MLOAD
0x11a	MLOAD
0x190	MLOAD
0x1c6	MLOAD
0x1df	MLOAD
0x1ef	MLOAD
0x208	MLOAD
0x239	MLOAD
0x2b1	MLOAD
0x2fd	MLOAD
0x3ae	MLOAD
0x3ee	MLOAD
0x429	MLOAD
0x454	MLOAD
0x47a	MLOAD
0x497	MLOAD
0x4be	MLOAD
0x4da	MLOAD
0x539	MLOAD
0x58a	MLOAD
0x5e0	MLOAD
0x5f5	MLOAD
0x5f7	MLOAD
0x5ff	MLOAD
0x66c	MLOAD
0x682	MLOAD
0x686	MLOAD
0x6b9	MLOAD
0x6da	MLOAD
0x6fd	MLOAD
0x70b	MLOAD
0x721	MLOAD
0x72e	MLOAD
0x744	MLOAD
0x747	MLOAD
0x756	MLOAD
0x76f	MLOAD
0x7a0	MLOAD
0x7f3	MLOAD
0x82f	MLOAD
0x84e	MLOAD
0x8ad	MLOAD
0x8cd	MLOAD
0x8fb	MLOAD
0x92b	MLOAD
0xa3e	MLOAD
0xa63	MLOAD
0xbd5	MLOAD
0xcdc	MLOAD
0xcf6	MLOAD
0xd2c	MLOAD
0xd4e	MLOAD
0xe33	MLOAD
0xe6e	MLOAD
0xe99	MLOAD
0xefd	MLOAD
0xf05	MLOAD
0xf30	MLOAD
0xf6a	MLOAD
0xf87	MLOAD
0xfc7	MLOAD
0xfd9	MLOAD
0x1020	MLOAD
0x1085	MLOAD
0x10ad	MLOAD
0x10d5	MLOAD
0x123b	MLOAD
0x1263	MLOAD
0x132a	MLOAD
0x14b8	MLOAD
0x14e0	MLOAD
0x900x65	MLOAD
0x900xa3	MLOAD
0x900x127	MLOAD
0x14900x65	MLOAD
0x14900xa3	MLOAD
0x14900x127	MLOAD
0x4	MSTORE
0x11f	MSTORE
0x199	MSTORE
0x1a0	MSTORE
0x1a7	MSTORE
0x1bf	MSTORE
0x217	MSTORE
0x21a	MSTORE
0x242	MSTORE
0x249	MSTORE
0x250	MSTORE
0x26a	MSTORE
0x2ba	MSTORE
0x2c1	MSTORE
0x2c8	MSTORE
0x2e2	MSTORE
0x306	MSTORE
0x30d	MSTORE
0x314	MSTORE
0x32d	MSTORE
0x3b4	MSTORE
0x3bc	MSTORE
0x3cd	MSTORE
0x3f3	MSTORE
0x3f9	MSTORE
0x450	MSTORE
0x459	MSTORE
0x45f	MSTORE
0x493	MSTORE
0x49c	MSTORE
0x4a2	MSTORE
0x4d7	MSTORE
0x4e4	MSTORE
0x593	MSTORE
0x59a	MSTORE
0x5a1	MSTORE
0x5c5	MSTORE
0x608	MSTORE
0x611	MSTORE
0x616	MSTORE
0x63c	MSTORE
0x692	MSTORE
0x6a9	MSTORE
0x6ae	MSTORE
0x6e9	MSTORE
0x77e	MSTORE
0x781	MSTORE
0x7a9	MSTORE
0x7b0	MSTORE
0x7b7	MSTORE
0x7d2	MSTORE
0x7fd	MSTORE
0x85d	MSTORE
0x8b9	MSTORE
0x8c2	MSTORE
0x96e	MSTORE
0xa42	MSTORE
0xa58	MSTORE
0xa66	MSTORE
0xa8f	MSTORE
0xbfd	MSTORE
0xc80	MSTORE
0xca5	MSTORE
0xcbd	MSTORE
0xcdf	MSTORE
0xcf8	MSTORE
0xd20	MSTORE
0xd2a	MSTORE
0xd32	MSTORE
0xd52	MSTORE
0xd6c	MSTORE
0xd83	MSTORE
0xd9c	MSTORE
0xda6	MSTORE
0xdc1	MSTORE
0xe44	MSTORE
0xeaa	MSTORE
0xecd	MSTORE
0xf3f	MSTORE
0xf75	MSTORE
0x1105	MSTORE
0x110a	MSTORE
0x113a	MSTORE
0x113f	MSTORE
0x116f	MSTORE
0x1174	MSTORE
0x11a4	MSTORE
0x11a9	MSTORE
0x11d9	MSTORE
0x11de	MSTORE
0x120e	MSTORE
0x1213	MSTORE
0x1293	MSTORE
0x1298	MSTORE
0x12c8	MSTORE
0x12cd	MSTORE
0x12fd	MSTORE
0x1302	MSTORE
0x135a	MSTORE
0x135f	MSTORE
0x138f	MSTORE
0x1394	MSTORE
0x13c4	MSTORE
0x13c9	MSTORE
0x13f9	MSTORE
0x13fe	MSTORE
0x142e	MSTORE
0x1433	MSTORE
0x1463	MSTORE
0x1468	MSTORE
0x1f6	GAS
0x550	GAS
0x6c1	GAS
0x75e	GAS
0x835	GAS
0x8e4	GAS
0x1f7	CALL
0x551	CALL
0x6c2	CALL
0x75f	CALL
0x8e5	CALL
0x911	CALL
0x93f	CALL
0x1fc	RETURNDATASIZE
0x210	RETURNDATASIZE
0x218	RETURNDATASIZE
0x21b	RETURNDATASIZE
0x559	RETURNDATASIZE
0x55e	RETURNDATASIZE
0x6ca	RETURNDATASIZE
0x6cf	RETURNDATASIZE
0x6db	RETURNDATASIZE
0x763	RETURNDATASIZE
0x777	RETURNDATASIZE
0x77f	RETURNDATASIZE
0x782	RETURNDATASIZE
0x83e	RETURNDATASIZE
0x843	RETURNDATASIZE
0x84f	RETURNDATASIZE
0x8ed	RETURNDATASIZE
0x8f2	RETURNDATASIZE
0x91e	RETURNDATASIZE
0x923	RETURNDATASIZE
0x94c	RETURNDATASIZE
0x951	RETURNDATASIZE
0x222	RETURNDATACOPY
0x55d	RETURNDATACOPY
0x6ce	RETURNDATACOPY
0x789	RETURNDATACOPY
0x842	RETURNDATACOPY
0x8f1	RETURNDATACOPY
0x922	RETURNDATACOPY
0x950	RETURNDATACOPY
0x836	STATICCALL
0x0	CONST
0x2	CONST
0x5	CONST
0x9	CONST
0xd	CONST
0x10	CONST
0x14	CONST
0x1f	CONST
0x2a	CONST
0x35	CONST
0x40	CONST
0x4b	CONST
0x55	CONST
0x5b	CONST
0x61	CONST
0x69	CONST
0x6d	CONST
0x73	CONST
0x76	CONST
0xa7	CONST
0xab	CONST
0xb1	CONST
0xb4	CONST
0xd8	CONST
0xdb	CONST
0xdf	CONST
0xe1	CONST
0xe6	CONST
0xeb	CONST
0xee	CONST
0xf3	CONST
0xfb	CONST
0xff	CONST
0x105	CONST
0x108	CONST
0x10c	CONST
0x10e	CONST
0x113	CONST
0x118	CONST
0x120	CONST
0x123	CONST
0x12b	CONST
0x12f	CONST
0x135	CONST
0x138	CONST
0x15f	CONST
0x163	CONST
0x169	CONST
0x16c	CONST
0x170	CONST
0x172	CONST
0x177	CONST
0x17e	CONST
0x180	CONST
0x182	CONST
0x184	CONST
0x18a	CONST
0x18e	CONST
0x191	CONST
0x195	CONST
0x19a	CONST
0x19c	CONST
0x1a1	CONST
0x1a3	CONST
0x1a8	CONST
0x1b8	CONST
0x1bb	CONST
0x1c0	CONST
0x1c4	CONST
0x1cd	CONST
0x1d1	CONST
0x1d3	CONST
0x1d5	CONST
0x1dd	CONST
0x1e0	CONST
0x1e6	CONST
0x1eb	CONST
0x1ed	CONST
0x1fe	CONST
0x202	CONST
0x206	CONST
0x20b	CONST
0x20e	CONST
0x215	CONST
0x21c	CONST
0x21e	CONST
0x223	CONST
0x228	CONST
0x233	CONST
0x237	CONST
0x23a	CONST
0x23e	CONST
0x243	CONST
0x245	CONST
0x24a	CONST
0x24c	CONST
0x251	CONST
0x263	CONST
0x266	CONST
0x26b	CONST
0x26e	CONST
0x27d	CONST
0x280	CONST
0x282	CONST
0x284	CONST
0x288	CONST
0x2ab	CONST
0x2af	CONST
0x2b2	CONST
0x2b6	CONST
0x2bb	CONST
0x2bd	CONST
0x2c2	CONST
0x2c4	CONST
0x2c9	CONST
0x2db	CONST
0x2de	CONST
0x2e3	CONST
0x2e6	CONST
0x2eb	CONST
0x2ed	CONST
0x2ef	CONST
0x2f7	CONST
0x2fb	CONST
0x2fe	CONST
0x302	CONST
0x307	CONST
0x309	CONST
0x30e	CONST
0x310	CONST
0x315	CONST
0x326	CONST
0x329	CONST
0x32e	CONST
0x331	CONST
0x336	CONST
0x338	CONST
0x33d	CONST
0x342	CONST
0x346	CONST
0x349	CONST
0x350	CONST
0x357	CONST
0x35c	CONST
0x360	CONST
0x363	CONST
0x36a	CONST
0x36f	CONST
0x375	CONST
0x37f	CONST
0x384	CONST
0x389	CONST
0x38d	CONST
0x390	CONST
0x397	CONST
0x3a0	CONST
0x3a3	CONST
0x3a9	CONST
0x3ac	CONST
0x3b2	CONST
0x3bd	CONST
0x3c6	CONST
0x3d2	CONST
0x3db	CONST
0x3eb	CONST
0x3ef	CONST
0x3fc	CONST
0x400	CONST
0x410	CONST
0x426	CONST
0x42c	CONST
0x430	CONST
0x433	CONST
0x438	CONST
0x43a	CONST
0x43c	CONST
0x444	CONST
0x451	CONST
0x455	CONST
0x460	CONST
0x464	CONST
0x467	CONST
0x477	CONST
0x47d	CONST
0x481	CONST
0x484	CONST
0x489	CONST
0x494	CONST
0x498	CONST
0x4a3	CONST
0x4a7	CONST
0x4aa	CONST
0x4b8	CONST
0x4bb	CONST
0x4c1	CONST
0x4c5	CONST
0x4c8	CONST
0x4cd	CONST
0x4d8	CONST
0x4db	CONST
0x4e0	CONST
0x4e7	CONST
0x4ea	CONST
0x4ec	CONST
0x4ee	CONST
0x4f2	CONST
0x515	CONST
0x51b	CONST
0x52d	CONST
0x530	CONST
0x535	CONST
0x537	CONST
0x53e	CONST
0x546	CONST
0x54a	CONST
0x555	CONST
0x55a	CONST
0x55f	CONST
0x571	CONST
0x574	CONST
0x579	CONST
0x584	CONST
0x588	CONST
0x58b	CONST
0x58f	CONST
0x594	CONST
0x596	CONST
0x59b	CONST
0x59d	CONST
0x5a2	CONST
0x5be	CONST
0x5c1	CONST
0x5c6	CONST
0x5c9	CONST
0x5d5	CONST
0x5d8	CONST
0x5dc	CONST
0x5e4	CONST
0x5e9	CONST
0x5f9	CONST
0x5fd	CONST
0x600	CONST
0x604	CONST
0x609	CONST
0x60b	CONST
0x612	CONST
0x617	CONST
0x638	CONST
0x63d	CONST
0x640	CONST
0x645	CONST
0x65a	CONST
0x65c	CONST
0x65e	CONST
0x663	CONST
0x669	CONST
0x66f	CONST
0x673	CONST
0x676	CONST
0x67b	CONST
0x67e	CONST
0x684	CONST
0x688	CONST
0x68e	CONST
0x693	CONST
0x696	CONST
0x69c	CONST
0x69e	CONST
0x6a0	CONST
0x6aa	CONST
0x6af	CONST
0x6b5	CONST
0x6b7	CONST
0x6be	CONST
0x6c6	CONST
0x6cb	CONST
0x6d0	CONST
0x6d8	CONST
0x6dc	CONST
0x6df	CONST
0x6e7	CONST
0x6ee	CONST
0x6f3	CONST
0x6f9	CONST
0x701	CONST
0x705	CONST
0x70e	CONST
0x712	CONST
0x715	CONST
0x71a	CONST
0x71d	CONST
0x722	CONST
0x724	CONST
0x726	CONST
0x731	CONST
0x735	CONST
0x738	CONST
0x73d	CONST
0x740	CONST
0x745	CONST
0x748	CONST
0x74d	CONST
0x752	CONST
0x754	CONST
0x75b	CONST
0x765	CONST
0x769	CONST
0x76d	CONST
0x772	CONST
0x775	CONST
0x77c	CONST
0x783	CONST
0x785	CONST
0x78a	CONST
0x78f	CONST
0x79a	CONST
0x79e	CONST
0x7a1	CONST
0x7a5	CONST
0x7aa	CONST
0x7ac	CONST
0x7b1	CONST
0x7b3	CONST
0x7b8	CONST
0x7cb	CONST
0x7ce	CONST
0x7d3	CONST
0x7d6	CONST
0x7df	CONST
0x7e3	CONST
0x7eb	CONST
0x7f1	CONST
0x7f4	CONST
0x7f9	CONST
0x7fe	CONST
0x801	CONST
0x817	CONST
0x81d	CONST
0x823	CONST
0x826	CONST
0x82b	CONST
0x82d	CONST
0x83a	CONST
0x83f	CONST
0x844	CONST
0x84c	CONST
0x850	CONST
0x853	CONST
0x85b	CONST
0x862	CONST
0x867	CONST
0x86e	CONST
0x871	CONST
0x876	CONST
0x87b	CONST
0x880	CONST
0x887	CONST
0x89c	CONST
0x8a1	CONST
0x8a6	CONST
0x8ab	CONST
0x8af	CONST
0x8b5	CONST
0x8ba	CONST
0x8bd	CONST
0x8c3	CONST
0x8c9	CONST
0x8cb	CONST
0x8d2	CONST
0x8da	CONST
0x8de	CONST
0x8e9	CONST
0x8ee	CONST
0x8f3	CONST
0x8f9	CONST
0x901	CONST
0x909	CONST
0x91a	CONST
0x91f	CONST
0x924	CONST
0x929	CONST
0x930	CONST
0x937	CONST
0x948	CONST
0x94d	CONST
0x952	CONST
0x961	CONST
0x963	CONST
0x965	CONST
0x96f	CONST
0x975	CONST
0x977	CONST
0x979	CONST
0x981	CONST
0x985	CONST
0x98d	CONST
0x991	CONST
0x996	CONST
0x99a	CONST
0x9a2	CONST
0x9a4	CONST
0x9a6	CONST
0x9ad	CONST
0x9b1	CONST
0x9b6	CONST
0x9bd	CONST
0x9c5	CONST
0x9c9	CONST
0x9d5	CONST
0x9d8	CONST
0x9db	CONST
0x9e2	CONST
0x9e6	CONST
0x9ed	CONST
0x9f1	CONST
0x9f8	CONST
0x9ff	CONST
0xa04	CONST
0xa06	CONST
0xa08	CONST
0xa0f	CONST
0xa13	CONST
0xa18	CONST
0xa1f	CONST
0xa30	CONST
0xa37	CONST
0xa43	CONST
0xa46	CONST
0xa4f	CONST
0xa53	CONST
0xa60	CONST
0xa67	CONST
0xa6b	CONST
0xa6f	CONST
0xa73	CONST
0xa78	CONST
0xa7b	CONST
0xa83	CONST
0xa8c	CONST
0xa90	CONST
0xa92	CONST
0xa95	CONST
0xa9a	CONST
0xa9f	CONST
0xaa3	CONST
0xaa8	CONST
0xaac	CONST
0xab4	CONST
0xab6	CONST
0xab8	CONST
0xabf	CONST
0xac3	CONST
0xac8	CONST
0xacf	CONST
0xad2	CONST
0xada	CONST
0xade	CONST
0xae3	CONST
0xae6	CONST
0xae9	CONST
0xaec	CONST
0xaef	CONST
0xaf1	CONST
0xaf8	CONST
0xafc	CONST
0xb03	CONST
0xb05	CONST
0xb07	CONST
0xb0f	CONST
0xb13	CONST
0xb18	CONST
0xb1f	CONST
0xb29	CONST
0xb34	CONST
0xb38	CONST
0xb3d	CONST
0xb44	CONST
0xb4e	CONST
0xb59	CONST
0xb5d	CONST
0xb62	CONST
0xb69	CONST
0xb73	CONST
0xb7a	CONST
0xb7e	CONST
0xb86	CONST
0xb90	CONST
0xb94	CONST
0xb9a	CONST
0xba1	CONST
0xbd3	CONST
0xbd6	CONST
0xbda	CONST
0xbe0	CONST
0xbe2	CONST
0xbe4	CONST
0xbef	CONST
0xbf3	CONST
0xbf6	CONST
0xbfb	CONST
0xc03	CONST
0xc05	CONST
0xc07	CONST
0xc09	CONST
0xc10	CONST
0xc14	CONST
0xc17	CONST
0xc1d	CONST
0xc20	CONST
0xc24	CONST
0xc2a	CONST
0xc2d	CONST
0xc34	CONST
0xc38	CONST
0xc41	CONST
0xc46	CONST
0xc48	CONST
0xc4a	CONST
0xc51	CONST
0xc55	CONST
0xc5c	CONST
0xc62	CONST
0xc66	CONST
0xc6d	CONST
0xc70	CONST
0xc74	CONST
0xc82	CONST
0xc8a	CONST
0xc8e	CONST
0xc94	CONST
0xc98	CONST
0xc9d	CONST
0xc9f	CONST
0xcb7	CONST
0xcd9	CONST
0xce0	CONST
0xcea	CONST
0xcf1	CONST
0xd01	CONST
0xd04	CONST
0xd14	CONST
0xd16	CONST
0xd18	CONST
0xd21	CONST
0xd23	CONST
0xd33	CONST
0xd3d	CONST
0xd49	CONST
0xd5b	CONST
0xd5e	CONST
0xd68	CONST
0xd6d	CONST
0xd72	CONST
0xd7f	CONST
0xd84	CONST
0xd89	CONST
0xd8e	CONST
0xd90	CONST
0xd92	CONST
0xd98	CONST
0xda2	CONST
0xda7	CONST
0xdac	CONST
0xdb4	CONST
0xdb7	CONST
0xdbc	CONST
0xde6	CONST
0xded	CONST
0xdf1	CONST
0xdf4	CONST
0xdfe	CONST
0xe00	CONST
0xe02	CONST
0xe04	CONST
0xe0b	CONST
0xe0f	CONST
0xe12	CONST
0xe18	CONST
0xe1b	CONST
0xe21	CONST
0xe24	CONST
0xe29	CONST
0xe2d	CONST
0xe34	CONST
0xe36	CONST
0xe39	CONST
0xe3d	CONST
0xe45	CONST
0xe58	CONST
0xe5c	CONST
0xe69	CONST
0xe6f	CONST
0xe71	CONST
0xe73	CONST
0xe7a	CONST
0xe7e	CONST
0xe86	CONST
0xe8c	CONST
0xe90	CONST
0xe9a	CONST
0xe9c	CONST
0xe9f	CONST
0xea3	CONST
0xeb3	CONST
0xeb7	CONST
0xebd	CONST
0xec7	CONST
0xed7	CONST
0xee7	CONST
0xeea	CONST
0xeec	CONST
0xef3	CONST
0xef7	CONST
0xf00	CONST
0xf06	CONST
0xf08	CONST
0xf0a	CONST
0xf12	CONST
0xf16	CONST
0xf21	CONST
0xf26	CONST
0xf2a	CONST
0xf31	CONST
0xf34	CONST
0xf38	CONST
0xf40	CONST
0xf53	CONST
0xf57	CONST
0xf65	CONST
0xf6b	CONST
0xf6f	CONST
0xf7e	CONST
0xf83	CONST
0xf93	CONST
0xf97	CONST
0xf9e	CONST
0xfa5	CONST
0xfb4	CONST
0xfb6	CONST
0xfbd	CONST
0xfc1	CONST
0xfcd	CONST
0xfd1	CONST
0xfd6	CONST
0xfda	CONST
0xfdf	CONST
0xfe3	CONST
0xff2	CONST
0xff4	CONST
0xffa	CONST
0xffe	CONST
0x1001	CONST
0x1007	CONST
0x100d	CONST
0x100f	CONST
0x1016	CONST
0x101a	CONST
0x1026	CONST
0x102c	CONST
0x1030	CONST
0x1033	CONST
0x1083	CONST
0x10ab	CONST
0x10d3	CONST
0x10fb	CONST
0x1100	CONST
0x1103	CONST
0x1106	CONST
0x1108	CONST
0x110b	CONST
0x110d	CONST
0x1130	CONST
0x1135	CONST
0x1138	CONST
0x113b	CONST
0x113d	CONST
0x1140	CONST
0x1142	CONST
0x1165	CONST
0x116a	CONST
0x116d	CONST
0x1170	CONST
0x1172	CONST
0x1175	CONST
0x1177	CONST
0x119a	CONST
0x119f	CONST
0x11a2	CONST
0x11a5	CONST
0x11a7	CONST
0x11aa	CONST
0x11ac	CONST
0x11cf	CONST
0x11d4	CONST
0x11d7	CONST
0x11da	CONST
0x11dc	CONST
0x11df	CONST
0x11e1	CONST
0x1204	CONST
0x1209	CONST
0x120c	CONST
0x120f	CONST
0x1211	CONST
0x1214	CONST
0x1216	CONST
0x1239	CONST
0x1261	CONST
0x1289	CONST
0x128e	CONST
0x1291	CONST
0x1294	CONST
0x1296	CONST
0x1299	CONST
0x129b	CONST
0x12be	CONST
0x12c3	CONST
0x12c6	CONST
0x12c9	CONST
0x12cb	CONST
0x12ce	CONST
0x12d0	CONST
0x12f3	CONST
0x12f8	CONST
0x12fb	CONST
0x12fe	CONST
0x1300	CONST
0x1303	CONST
0x1305	CONST
0x1328	CONST
0x1350	CONST
0x1355	CONST
0x1358	CONST
0x135b	CONST
0x135d	CONST
0x1360	CONST
0x1362	CONST
0x1385	CONST
0x138a	CONST
0x138d	CONST
0x1390	CONST
0x1392	CONST
0x1395	CONST
0x1397	CONST
0x13ba	CONST
0x13bf	CONST
0x13c2	CONST
0x13c5	CONST
0x13c7	CONST
0x13ca	CONST
0x13cc	CONST
0x13ef	CONST
0x13f4	CONST
0x13f7	CONST
0x13fa	CONST
0x13fc	CONST
0x13ff	CONST
0x1401	CONST
0x1424	CONST
0x1429	CONST
0x142c	CONST
0x142f	CONST
0x1431	CONST
0x1434	CONST
0x1436	CONST
0x1459	CONST
0x145e	CONST
0x1461	CONST
0x1464	CONST
0x1466	CONST
0x1469	CONST
0x146b	CONST
0x14b6	CONST
0x14de	CONST
0x159e	CONST
0x15c2	CONST
0x15e6	CONST
0x160a	CONST
0x1634	CONST
0x1636	CONST
0x1638	CONST
0x163a	CONST
0x163c	CONST
0x163e	CONST
0x1640	CONST
0x1644	CONST
0x1647	CONST
0x164a	CONST
0x164d	CONST
0x1650	CONST
0x1653	CONST
0x8e0x65	CONST
0x910x65	CONST
0x960x65	CONST
0x8e0xa3	CONST
0x910xa3	CONST
0x960xa3	CONST
0x8e0x127	CONST
0x910x127	CONST
0x960x127	CONST
0x148e0x65	CONST
0x148e0xa3	CONST
0x148e0x127	CONST
0x272_0x0	PHI
0x6fb_0x0	PHI
0x705_0x0	PHI
0x719_0x0	PHI
0x719_0x4	PHI
0x73c_0x0	PHI
0xa32_0x0	PHI
0xa3b_0x0	PHI
0xa4a_0x0	PHI
0xcec_0x0	PHI
0xcf5_0x0	PHI
0xcf5_0x1	PHI
0xcf5_0x6	PHI
0xd08_0x6	PHI
0xd44_0x0	PHI
0xd4d_0x0	PHI
0xd4d_0x2	PHI
0xd4d_0x5	PHI
0xd62_0x2	PHI
0xe64_0x0	PHI
0xe6d_0x0	PHI
0xecb_0x4	PHI
0xecb_0x6	PHI
0xf60_0x4	PHI
0xf69_0x4	PHI
0xf73_0x2	PHI
0xf73_0x5	PHI
0xff1_0x0	PHI
0x1005_0x1	PHI
